5 -49 -41 -35 49 -31 51 36 44 29 -38 -29 -15 -10 44 68 64 -48 40 -22 -7 57 12
-69 -29 -43 51 54 46 -65 -62 6 1 57 -37 0 -54 63 -12 -7 29 -5 -11 16 -10 -63
60 40 34 67 -14 -28 54 -55 43 41 31 -37 51 31 47 53 14 -53 27 -16 -44 48 54
8 -63 -28 -63 39 -33 19 -49 4 -67 49 7 -16 -46 -33 34 5 15 1 36 -36 55 -55
-19 -48 51 -42 -41 27 -31 -5 -25 -53 40 9 -32 -32 4 15 57 -17 56 -36 -59 37 -47
26 -37 68 -5 -66 -49 33 -7 42 -54 57 53 39 10 -4 68 52 -33 -69 -64 -65 -43 3
-49 51 28 3 -52 -68 61 -11 21 2 51 24 -20 -44 -2 59 -61 35 -22 -61 -17 30 -30
13 -34 -67 -34 -19 34 -30 -46 35 63 -40 -6 68 6 -28 -28 18 51 -30 -60 56 41 59
-63 43 -24 1 24 63 -19 59 13 -16 -11 3 -58 66 57 28 -27 -44 -46 32 -24 -46 -21
-20 -44 36 -41 -56 58 9 34 61 -69 39 46 -39 -40 21 19 42 0 15 22 43 -57 -16
66 4 54 -2 33 14 35 -51 46 9 25 -68 -10 45 61 7 8 -33 -2 -13 -44 40 17
-52 5 -50 -26 -47 -17 65 20 58 58 -40 -69 19 -2 -33 -55 48 58 15 0 -58 1 -2
9 13 -10 -69 -45 67 -30 18 18 -48 -60 -39 -25 67 62 48 -43 -26 -4 21 59 -1 55